"","Surveillance.Network","Season","MMWR.Year","MMWR.Week","Age.group","Sex","Race.Ethnicity","Site","Weekly.Rate","Cumulative.Rate","Week.Ending.Date"
"1","FluSurv-NET","2018-19",2018,"40","Overall","Overall","Overall","Overall",0.1,0.1,"2018-10-06T00:00:00.000"
"2","FluSurv-NET","2018-19",2018,"41","Overall","Overall","Overall","Overall",0.1,0.2,"2018-10-13T00:00:00.000"
"3","FluSurv-NET","2018-19",2018,"42","Overall","Overall","Overall","Overall",0.1,0.3,"2018-10-20T00:00:00.000"
"4","FluSurv-NET","2018-19",2018,"43","Overall","Overall","Overall","Overall",0.1,0.4,"2018-10-27T00:00:00.000"
"5","FluSurv-NET","2018-19",2018,"44","Overall","Overall","Overall","Overall",0.2,0.5,"2018-11-03T00:00:00.000"
"6","FluSurv-NET","2018-19",2018,"45","Overall","Overall","Overall","Overall",0.2,0.7,"2018-11-10T00:00:00.000"
"7","FluSurv-NET","2018-19",2018,"46","Overall","Overall","Overall","Overall",0.2,1,"2018-11-17T00:00:00.000"
"8","FluSurv-NET","2018-19",2018,"47","Overall","Overall","Overall","Overall",0.3,1.3,"2018-11-24T00:00:00.000"
"9","FluSurv-NET","2018-19",2018,"48","Overall","Overall","Overall","Overall",0.6,1.8,"2018-12-01T00:00:00.000"
"10","FluSurv-NET","2018-19",2018,"49","Overall","Overall","Overall","Overall",0.7,2.5,"2018-12-08T00:00:00.000"
"11","FluSurv-NET","2018-19",2018,"50","Overall","Overall","Overall","Overall",1.2,3.7,"2018-12-15T00:00:00.000"
"12","FluSurv-NET","2018-19",2018,"51","Overall","Overall","Overall","Overall",1.9,5.6,"2018-12-22T00:00:00.000"
"13","FluSurv-NET","2018-19",2018,"52","Overall","Overall","Overall","Overall",2.9,8.6,"2018-12-29T00:00:00.000"
"14","FluSurv-NET","2018-19",2019,"1","Overall","Overall","Overall","Overall",3,11.6,"2019-01-05T00:00:00.000"
"15","FluSurv-NET","2018-19",2019,"2","Overall","Overall","Overall","Overall",2.5,14.1,"2019-01-12T00:00:00.000"
"16","FluSurv-NET","2018-19",2019,"3","Overall","Overall","Overall","Overall",2.1,16.3,"2019-01-19T00:00:00.000"
"17","FluSurv-NET","2018-19",2019,"4","Overall","Overall","Overall","Overall",2.3,18.6,"2019-01-26T00:00:00.000"
"18","FluSurv-NET","2018-19",2019,"5","Overall","Overall","Overall","Overall",3,21.6,"2019-02-02T00:00:00.000"
"19","FluSurv-NET","2018-19",2019,"6","Overall","Overall","Overall","Overall",3.5,25,"2019-02-09T00:00:00.000"
"20","FluSurv-NET","2018-19",2019,"7","Overall","Overall","Overall","Overall",3.8,28.9,"2019-02-16T00:00:00.000"
"21","FluSurv-NET","2018-19",2019,"8","Overall","Overall","Overall","Overall",4.6,33.5,"2019-02-23T00:00:00.000"
"22","FluSurv-NET","2018-19",2019,"9","Overall","Overall","Overall","Overall",4.6,38.1,"2019-03-02T00:00:00.000"
"23","FluSurv-NET","2018-19",2019,"10","Overall","Overall","Overall","Overall",5.2,43.3,"2019-03-09T00:00:00.000"
"24","FluSurv-NET","2018-19",2019,"11","Overall","Overall","Overall","Overall",5.5,48.8,"2019-03-16T00:00:00.000"
"25","FluSurv-NET","2018-19",2019,"12","Overall","Overall","Overall","Overall",4.8,53.6,"2019-03-23T00:00:00.000"
"26","FluSurv-NET","2018-19",2019,"13","Overall","Overall","Overall","Overall",3.6,57.2,"2019-03-30T00:00:00.000"
"27","FluSurv-NET","2018-19",2019,"14","Overall","Overall","Overall","Overall",2.7,59.9,"2019-04-06T00:00:00.000"
"28","FluSurv-NET","2018-19",2019,"15","Overall","Overall","Overall","Overall",1.8,61.7,"2019-04-13T00:00:00.000"
"29","FluSurv-NET","2018-19",2019,"16","Overall","Overall","Overall","Overall",1.1,62.8,"2019-04-20T00:00:00.000"
"30","FluSurv-NET","2018-19",2019,"17","Overall","Overall","Overall","Overall",0.6,63.4,"2019-04-27T00:00:00.000"
"31","FluSurv-NET","2018-19",2019,"18","Overall","Overall","Overall","Overall",0.2,63.6,"2019-05-04T00:00:00.000"
"32","FluSurv-NET","2019-20",2019,"40","Overall","Overall","Overall","Overall",0.1,0.1,"2019-10-05T00:00:00.000"
"33","FluSurv-NET","2019-20",2019,"41","Overall","Overall","Overall","Overall",0.1,0.2,"2019-10-12T00:00:00.000"
"34","FluSurv-NET","2019-20",2019,"42","Overall","Overall","Overall","Overall",0.2,0.4,"2019-10-19T00:00:00.000"
"35","FluSurv-NET","2019-20",2019,"43","Overall","Overall","Overall","Overall",0.2,0.6,"2019-10-26T00:00:00.000"
"36","FluSurv-NET","2019-20",2019,"44","Overall","Overall","Overall","Overall",0.2,0.8,"2019-11-02T00:00:00.000"
"37","FluSurv-NET","2019-20",2019,"45","Overall","Overall","Overall","Overall",0.3,1.1,"2019-11-09T00:00:00.000"
"38","FluSurv-NET","2019-20",2019,"46","Overall","Overall","Overall","Overall",0.4,1.5,"2019-11-16T00:00:00.000"
"39","FluSurv-NET","2019-20",2019,"47","Overall","Overall","Overall","Overall",0.6,2.2,"2019-11-23T00:00:00.000"
"40","FluSurv-NET","2019-20",2019,"48","Overall","Overall","Overall","Overall",0.9,3.1,"2019-11-30T00:00:00.000"
"41","FluSurv-NET","2019-20",2019,"49","Overall","Overall","Overall","Overall",1.3,4.3,"2019-12-07T00:00:00.000"
"42","FluSurv-NET","2019-20",2019,"50","Overall","Overall","Overall","Overall",1.7,6.1,"2019-12-14T00:00:00.000"
"43","FluSurv-NET","2019-20",2019,"51","Overall","Overall","Overall","Overall",2.4,8.5,"2019-12-21T00:00:00.000"
"44","FluSurv-NET","2019-20",2019,"52","Overall","Overall","Overall","Overall",4.5,12.9,"2019-12-28T00:00:00.000"
"45","FluSurv-NET","2019-20",2020,"1","Overall","Overall","Overall","Overall",5.3,18.3,"2020-01-04T00:00:00.000"
"46","FluSurv-NET","2019-20",2020,"2","Overall","Overall","Overall","Overall",4.5,22.8,"2020-01-11T00:00:00.000"
"47","FluSurv-NET","2019-20",2020,"3","Overall","Overall","Overall","Overall",4.2,27,"2020-01-18T00:00:00.000"
"48","FluSurv-NET","2019-20",2020,"4","Overall","Overall","Overall","Overall",4.6,31.6,"2020-01-25T00:00:00.000"
"49","FluSurv-NET","2019-20",2020,"5","Overall","Overall","Overall","Overall",5.3,36.9,"2020-02-01T00:00:00.000"
"50","FluSurv-NET","2019-20",2020,"6","Overall","Overall","Overall","Overall",6,42.9,"2020-02-08T00:00:00.000"
"51","FluSurv-NET","2019-20",2020,"7","Overall","Overall","Overall","Overall",5,48,"2020-02-15T00:00:00.000"
"52","FluSurv-NET","2019-20",2020,"8","Overall","Overall","Overall","Overall",5,53,"2020-02-22T00:00:00.000"
"53","FluSurv-NET","2019-20",2020,"9","Overall","Overall","Overall","Overall",4.4,57.4,"2020-02-29T00:00:00.000"
"54","FluSurv-NET","2019-20",2020,"10","Overall","Overall","Overall","Overall",4,61.3,"2020-03-07T00:00:00.000"
"55","FluSurv-NET","2019-20",2020,"11","Overall","Overall","Overall","Overall",2.8,64.2,"2020-03-14T00:00:00.000"
"56","FluSurv-NET","2019-20",2020,"12","Overall","Overall","Overall","Overall",1.3,65.4,"2020-03-21T00:00:00.000"
"57","FluSurv-NET","2019-20",2020,"13","Overall","Overall","Overall","Overall",0.3,65.7,"2020-03-28T00:00:00.000"
"58","FluSurv-NET","2019-20",2020,"14","Overall","Overall","Overall","Overall",0.1,65.9,"2020-04-04T00:00:00.000"
"59","FluSurv-NET","2019-20",2020,"15","Overall","Overall","Overall","Overall",0.1,65.9,"2020-04-11T00:00:00.000"
"60","FluSurv-NET","2019-20",2020,"16","Overall","Overall","Overall","Overall",0.1,66,"2020-04-18T00:00:00.000"
"61","FluSurv-NET","2019-20",2020,"17","Overall","Overall","Overall","Overall",0,66,"2020-04-25T00:00:00.000"
"62","FluSurv-NET","2019-20",2020,"18","Overall","Overall","Overall","Overall",0,66,"2020-05-02T00:00:00.000"
"63","FluSurv-NET","2020-21",2020,"40","Overall","Overall","Overall","Overall",0,0,"2020-10-03T00:00:00.000"
"64","FluSurv-NET","2020-21",2020,"41","Overall","Overall","Overall","Overall",0,0,"2020-10-10T00:00:00.000"
"65","FluSurv-NET","2020-21",2020,"42","Overall","Overall","Overall","Overall",0,0,"2020-10-17T00:00:00.000"
"66","FluSurv-NET","2020-21",2020,"43","Overall","Overall","Overall","Overall",0,0.1,"2020-10-24T00:00:00.000"
"67","FluSurv-NET","2020-21",2020,"44","Overall","Overall","Overall","Overall",0,0.1,"2020-10-31T00:00:00.000"
"68","FluSurv-NET","2020-21",2020,"45","Overall","Overall","Overall","Overall",0,0.1,"2020-11-07T00:00:00.000"
"69","FluSurv-NET","2020-21",2020,"46","Overall","Overall","Overall","Overall",0,0.2,"2020-11-14T00:00:00.000"
"70","FluSurv-NET","2020-21",2020,"47","Overall","Overall","Overall","Overall",0,0.2,"2020-11-21T00:00:00.000"
"71","FluSurv-NET","2020-21",2020,"48","Overall","Overall","Overall","Overall",0,0.2,"2020-11-28T00:00:00.000"
"72","FluSurv-NET","2020-21",2020,"49","Overall","Overall","Overall","Overall",0.1,0.3,"2020-12-05T00:00:00.000"
"73","FluSurv-NET","2020-21",2020,"50","Overall","Overall","Overall","Overall",0,0.3,"2020-12-12T00:00:00.000"
"74","FluSurv-NET","2020-21",2020,"51","Overall","Overall","Overall","Overall",0,0.4,"2020-12-19T00:00:00.000"
"75","FluSurv-NET","2020-21",2020,"52","Overall","Overall","Overall","Overall",0,0.4,"2020-12-26T00:00:00.000"
"76","FluSurv-NET","2020-21",2020,"53","Overall","Overall","Overall","Overall",0.1,0.5,"2021-01-02T00:00:00.000"
"77","FluSurv-NET","2020-21",2021,"1","Overall","Overall","Overall","Overall",0,0.5,"2021-01-09T00:00:00.000"
"78","FluSurv-NET","2020-21",2021,"2","Overall","Overall","Overall","Overall",0,0.5,"2021-01-16T00:00:00.000"
"79","FluSurv-NET","2020-21",2021,"3","Overall","Overall","Overall","Overall",0,0.6,"2021-01-23T00:00:00.000"
"80","FluSurv-NET","2020-21",2021,"4","Overall","Overall","Overall","Overall",0,0.6,"2021-01-30T00:00:00.000"
"81","FluSurv-NET","2020-21",2021,"5","Overall","Overall","Overall","Overall",0,0.6,"2021-02-06T00:00:00.000"
"82","FluSurv-NET","2020-21",2021,"6","Overall","Overall","Overall","Overall",0,0.6,"2021-02-13T00:00:00.000"
"83","FluSurv-NET","2020-21",2021,"7","Overall","Overall","Overall","Overall",0,0.7,"2021-02-20T00:00:00.000"
"84","FluSurv-NET","2020-21",2021,"8","Overall","Overall","Overall","Overall",0,0.7,"2021-02-27T00:00:00.000"
"85","FluSurv-NET","2020-21",2021,"9","Overall","Overall","Overall","Overall",0,0.7,"2021-03-06T00:00:00.000"
"86","FluSurv-NET","2020-21",2021,"10","Overall","Overall","Overall","Overall",0,0.7,"2021-03-13T00:00:00.000"
"87","FluSurv-NET","2020-21",2021,"11","Overall","Overall","Overall","Overall",0,0.7,"2021-03-20T00:00:00.000"
"88","FluSurv-NET","2020-21",2021,"12","Overall","Overall","Overall","Overall",0,0.7,"2021-03-27T00:00:00.000"
"89","FluSurv-NET","2020-21",2021,"13","Overall","Overall","Overall","Overall",0,0.8,"2021-04-03T00:00:00.000"
"90","FluSurv-NET","2020-21",2021,"14","Overall","Overall","Overall","Overall",0,0.8,"2021-04-10T00:00:00.000"
"91","FluSurv-NET","2020-21",2021,"15","Overall","Overall","Overall","Overall",0,0.8,"2021-04-17T00:00:00.000"
"92","FluSurv-NET","2020-21",2021,"16","Overall","Overall","Overall","Overall",0,0.8,"2021-04-24T00:00:00.000"
"93","FluSurv-NET","2020-21",2021,"17","Overall","Overall","Overall","Overall",0,0.8,"2021-05-01T00:00:00.000"
"94","FluSurv-NET","2021-22",2021,"40","Overall","Overall","Overall","Overall",0,0,"2021-10-09T00:00:00.000"
"95","FluSurv-NET","2021-22",2021,"41","Overall","Overall","Overall","Overall",0,0.1,"2021-10-16T00:00:00.000"
"96","FluSurv-NET","2021-22",2021,"42","Overall","Overall","Overall","Overall",0,0.1,"2021-10-23T00:00:00.000"
"97","FluSurv-NET","2021-22",2021,"43","Overall","Overall","Overall","Overall",0,0.1,"2021-10-30T00:00:00.000"
"98","FluSurv-NET","2021-22",2021,"44","Overall","Overall","Overall","Overall",0,0.1,"2021-11-06T00:00:00.000"
"99","FluSurv-NET","2021-22",2021,"45","Overall","Overall","Overall","Overall",0.1,0.2,"2021-11-13T00:00:00.000"
"100","FluSurv-NET","2021-22",2021,"46","Overall","Overall","Overall","Overall",0.1,0.3,"2021-11-20T00:00:00.000"
"101","FluSurv-NET","2021-22",2021,"47","Overall","Overall","Overall","Overall",0.2,0.4,"2021-11-27T00:00:00.000"
"102","FluSurv-NET","2021-22",2021,"48","Overall","Overall","Overall","Overall",0.3,0.7,"2021-12-04T00:00:00.000"
"103","FluSurv-NET","2021-22",2021,"49","Overall","Overall","Overall","Overall",0.4,1.1,"2021-12-11T00:00:00.000"
"104","FluSurv-NET","2021-22",2021,"50","Overall","Overall","Overall","Overall",0.6,1.7,"2021-12-18T00:00:00.000"
"105","FluSurv-NET","2021-22",2021,"51","Overall","Overall","Overall","Overall",0.7,2.4,"2021-12-25T00:00:00.000"
"106","FluSurv-NET","2021-22",2021,"52","Overall","Overall","Overall","Overall",1,3.4,"2022-01-01T00:00:00.000"
"107","FluSurv-NET","2021-22",2022,"1","Overall","Overall","Overall","Overall",0.6,4,"2022-01-08T00:00:00.000"
"108","FluSurv-NET","2021-22",2022,"2","Overall","Overall","Overall","Overall",0.4,4.4,"2022-01-15T00:00:00.000"
"109","FluSurv-NET","2021-22",2022,"3","Overall","Overall","Overall","Overall",0.3,4.7,"2022-01-22T00:00:00.000"
"110","FluSurv-NET","2021-22",2022,"4","Overall","Overall","Overall","Overall",0.2,4.8,"2022-01-29T00:00:00.000"
"111","FluSurv-NET","2021-22",2022,"5","Overall","Overall","Overall","Overall",0.2,5,"2022-02-05T00:00:00.000"
"112","FluSurv-NET","2021-22",2022,"6","Overall","Overall","Overall","Overall",0.2,5.2,"2022-02-12T00:00:00.000"
"113","FluSurv-NET","2021-22",2022,"7","Overall","Overall","Overall","Overall",0.2,5.4,"2022-02-19T00:00:00.000"
"114","FluSurv-NET","2021-22",2022,"8","Overall","Overall","Overall","Overall",0.3,5.7,"2022-02-26T00:00:00.000"
"115","FluSurv-NET","2021-22",2022,"9","Overall","Overall","Overall","Overall",0.3,6,"2022-03-05T00:00:00.000"
"116","FluSurv-NET","2021-22",2022,"10","Overall","Overall","Overall","Overall",0.4,6.5,"2022-03-12T00:00:00.000"
"117","FluSurv-NET","2021-22",2022,"11","Overall","Overall","Overall","Overall",0.6,7.1,"2022-03-19T00:00:00.000"
"118","FluSurv-NET","2021-22",2022,"12","Overall","Overall","Overall","Overall",0.7,7.8,"2022-03-26T00:00:00.000"
"119","FluSurv-NET","2021-22",2022,"13","Overall","Overall","Overall","Overall",0.9,8.7,"2022-04-02T00:00:00.000"
"120","FluSurv-NET","2021-22",2022,"14","Overall","Overall","Overall","Overall",1.1,9.8,"2022-04-09T00:00:00.000"
"121","FluSurv-NET","2021-22",2022,"15","Overall","Overall","Overall","Overall",1.1,10.9,"2022-04-16T00:00:00.000"
"122","FluSurv-NET","2021-22",2022,"16","Overall","Overall","Overall","Overall",1.2,12,"2022-04-23T00:00:00.000"
"123","FluSurv-NET","2021-22",2022,"17","Overall","Overall","Overall","Overall",1.2,13.3,"2022-04-30T00:00:00.000"
"124","FluSurv-NET","2021-22",2022,"18","Overall","Overall","Overall","Overall",1.1,14.3,"2022-05-07T00:00:00.000"
"125","FluSurv-NET","2022-23",2022,"40","Overall","Overall","Overall","Overall",0.4,0.4,"2022-10-08T00:00:00.000"
"126","FluSurv-NET","2022-23",2022,"41","Overall","Overall","Overall","Overall",0.6,1,"2022-10-15T00:00:00.000"
"127","FluSurv-NET","2022-23",2022,"42","Overall","Overall","Overall","Overall",0.9,1.9,"2022-10-22T00:00:00.000"
"128","FluSurv-NET","2022-23",2022,"43","Overall","Overall","Overall","Overall",1.7,3.6,"2022-10-29T00:00:00.000"
"129","FluSurv-NET","2022-23",2022,"44","Overall","Overall","Overall","Overall",2.5,6.1,"2022-11-05T00:00:00.000"
"130","FluSurv-NET","2022-23",2022,"45","Overall","Overall","Overall","Overall",3.2,9.3,"2022-11-12T00:00:00.000"
"131","FluSurv-NET","2022-23",2022,"46","Overall","Overall","Overall","Overall",3.9,13.2,"2022-11-19T00:00:00.000"
"132","FluSurv-NET","2022-23",2022,"47","Overall","Overall","Overall","Overall",6.9,20.1,"2022-11-26T00:00:00.000"
"133","FluSurv-NET","2022-23",2022,"48","Overall","Overall","Overall","Overall",8.7,28.8,"2022-12-03T00:00:00.000"
"134","FluSurv-NET","2022-23",2022,"49","Overall","Overall","Overall","Overall",7.3,36.1,"2022-12-10T00:00:00.000"
"135","FluSurv-NET","2022-23",2022,"50","Overall","Overall","Overall","Overall",6.4,42.4,"2022-12-17T00:00:00.000"
"136","FluSurv-NET","2022-23",2022,"51","Overall","Overall","Overall","Overall",5.6,48,"2022-12-24T00:00:00.000"
"137","FluSurv-NET","2022-23",2022,"52","Overall","Overall","Overall","Overall",5.2,53.2,"2022-12-31T00:00:00.000"
"138","FluSurv-NET","2022-23",2023,"1","Overall","Overall","Overall","Overall",3,56.1,"2023-01-07T00:00:00.000"
"139","FluSurv-NET","2022-23",2023,"2","Overall","Overall","Overall","Overall",1.3,57.4,"2023-01-14T00:00:00.000"
"140","FluSurv-NET","2022-23",2023,"3","Overall","Overall","Overall","Overall",0.8,58.2,"2023-01-21T00:00:00.000"
"141","FluSurv-NET","2022-23",2023,"4","Overall","Overall","Overall","Overall",0.5,58.7,"2023-01-28T00:00:00.000"
"142","FluSurv-NET","2022-23",2023,"5","Overall","Overall","Overall","Overall",0.4,59.1,"2023-02-04T00:00:00.000"
"143","FluSurv-NET","2022-23",2023,"6","Overall","Overall","Overall","Overall",0.3,59.4,"2023-02-11T00:00:00.000"
"144","FluSurv-NET","2022-23",2023,"7","Overall","Overall","Overall","Overall",0.3,59.8,"2023-02-18T00:00:00.000"
"145","FluSurv-NET","2022-23",2023,"8","Overall","Overall","Overall","Overall",0.3,60,"2023-02-25T00:00:00.000"
"146","FluSurv-NET","2022-23",2023,"9","Overall","Overall","Overall","Overall",0.2,60.3,"2023-03-04T00:00:00.000"
"147","FluSurv-NET","2022-23",2023,"10","Overall","Overall","Overall","Overall",0.3,60.5,"2023-03-11T00:00:00.000"
"148","FluSurv-NET","2022-23",2023,"11","Overall","Overall","Overall","Overall",0.3,60.8,"2023-03-18T00:00:00.000"
"149","FluSurv-NET","2022-23",2023,"12","Overall","Overall","Overall","Overall",0.3,61,"2023-03-25T00:00:00.000"
"150","FluSurv-NET","2022-23",2023,"13","Overall","Overall","Overall","Overall",0.2,61.3,"2023-04-01T00:00:00.000"
"151","FluSurv-NET","2022-23",2023,"14","Overall","Overall","Overall","Overall",0.2,61.5,"2023-04-08T00:00:00.000"
"152","FluSurv-NET","2022-23",2023,"15","Overall","Overall","Overall","Overall",0.2,61.7,"2023-04-15T00:00:00.000"
"153","FluSurv-NET","2022-23",2023,"16","Overall","Overall","Overall","Overall",0.2,61.9,"2023-04-22T00:00:00.000"
"154","FluSurv-NET","2022-23",2023,"17","Overall","Overall","Overall","Overall",0.1,62.1,"2023-04-29T00:00:00.000"
"155","FluSurv-NET","2022-23",2023,"18","Overall","Overall","Overall","Overall",0,62.1,"2023-05-06T00:00:00.000"
"156","FluSurv-NET","2023-24",2023,"40","Overall","Overall","Overall","Overall",0.2,0.2,"2023-10-07T00:00:00.000"
"157","FluSurv-NET","2023-24",2023,"41","Overall","Overall","Overall","Overall",0.2,0.4,"2023-10-14T00:00:00.000"
"158","FluSurv-NET","2023-24",2023,"42","Overall","Overall","Overall","Overall",0.3,0.7,"2023-10-21T00:00:00.000"
"159","FluSurv-NET","2023-24",2023,"43","Overall","Overall","Overall","Overall",0.2,0.9,"2023-10-28T00:00:00.000"
"160","FluSurv-NET","2023-24",2023,"44","Overall","Overall","Overall","Overall",0.4,1.4,"2023-11-04T00:00:00.000"
"161","FluSurv-NET","2023-24",2023,"45","Overall","Overall","Overall","Overall",0.8,2.1,"2023-11-11T00:00:00.000"
"162","FluSurv-NET","2023-24",2023,"46","Overall","Overall","Overall","Overall",0.9,3,"2023-11-18T00:00:00.000"
"163","FluSurv-NET","2023-24",2023,"47","Overall","Overall","Overall","Overall",1.3,4.3,"2023-11-25T00:00:00.000"
"164","FluSurv-NET","2023-24",2023,"48","Overall","Overall","Overall","Overall",2.1,6.4,"2023-12-02T00:00:00.000"
"165","FluSurv-NET","2023-24",2023,"49","Overall","Overall","Overall","Overall",2.8,9.2,"2023-12-09T00:00:00.000"
"166","FluSurv-NET","2023-24",2023,"50","Overall","Overall","Overall","Overall",4.1,13.3,"2023-12-16T00:00:00.000"
"167","FluSurv-NET","2023-24",2023,"51","Overall","Overall","Overall","Overall",6.6,19.9,"2023-12-23T00:00:00.000"
"168","FluSurv-NET","2023-24",2023,"52","Overall","Overall","Overall","Overall",8.9,28.8,"2023-12-30T00:00:00.000"
"169","FluSurv-NET","2023-24",2024,"1","Overall","Overall","Overall","Overall",6.7,35.5,"2024-01-06T00:00:00.000"
"170","FluSurv-NET","2023-24",2024,"2","Overall","Overall","Overall","Overall",5.4,40.9,"2024-01-13T00:00:00.000"
"171","FluSurv-NET","2023-24",2024,"3","Overall","Overall","Overall","Overall",4.1,44.9,"2024-01-20T00:00:00.000"
"172","FluSurv-NET","2023-24",2024,"4","Overall","Overall","Overall","Overall",3.8,48.8,"2024-01-27T00:00:00.000"
"173","FluSurv-NET","2023-24",2024,"5","Overall","Overall","Overall","Overall",2.7,51.5,"2024-02-03T00:00:00.000"
